193553
14796173
32143990
32598572
34122853
35258513
41325625
52008387
71717266
76985589
80520429
80693094
81758588
86015296
120954903
149668128
165678954
169530907
171953982
174012703
188733149
189173980
190022474
190033211
197634909
212259349
214848454
234069036
248281029
253470164
254175645
273864438
280897316
283336645
284545668
286996697
304686486
308097137
308333896
315636580
316210983
328739578
343569748
348932852
369962516
372443809
372905417
373044373
378117200
381474091
383435763
384220732
389594725
394395804
407032119
418329004
418753232
420256203
429556282
437742994
442038388
447306407
447995668
448003254
448944575
451811746
452729563
460600202
461088056
486780065
489089864
489697962
494382383
502234095
510061635
511364630
512297899
514613710
522935536
523596795
524172347
526600114
546367398
554573396
563087379
563743900
582951192
583600590
593543486
594002120
594437387
602679566
602789583
602826759
604747283
619721852
623161603
623919432
626547216
635953395
641341142
644313590
644540771
644569241
651961601
673018252
673720875
707725593
714825366
723294833
724832143
729288138
731187196
736339543
738226066
739335287
744305283
745455284
749552265
756093132
756254629
762278029
765016154
765624429
767529874
767706805
774471396
775916614
778579928
779041531
783954109
785291773
786069530
786323692
786840614
791125833
804858883
809103077
825173432
835978206
838550654
838816058
845612218
854975743
867179268
869904957
871238105
872436609
876624712
878835481
895981998
903568721
904420561
907106912
909753191
913812441
916636981
916882859
920767796
930344600
936873102
941702733
942077611
942361332
943910195
944794632
948484211
949184045
951347664
952503719
953750810
956096008
956729401
961400902
965442910
979062067
981103426
984788120
986819374
987831043
992305234
996138461
996557071
996660922
1002465415
1003195137
1005734036
1013039481
1013135535
1017611703
1021017120
1023157193
1023245250
1025595012
1026672439
1027850152
1032383250
1041422509
1043744516
1045127526
1048746876
1051484494
1052534445
1057421377
1064071566
1067550858
1073185836
1084899895
1090414313
1093693093
1102156395
1103462203
1106773931
1107073797
1109635822
1114151533
1124021077
1131786891
1138823409
1140257407
1141927681
1145507350
1145605220
1148202591
1149967471
1151463995
1154368287
1156057551
1158764573
1158844573
1159715062
1161546058
1161717969
1172935502
1173002156
1175143135
1183373905
1187443407
1198892159
1198982381
1203939132
1205004747
1207241918
1208385945
1208948859
1211688637
1213291133
1215377106
1216529070
1216558417
1219108879
1220050334
1225291194
1225675556
1227752911
1229002138
1245505213
1248123151
1248981940
1250067266
1250423068
1258419087
1260991323
1278486307
1282716915
1282951914
1283292857
1297060447
1297751384
1305393352
1309048333
1309422130
1309537806
1315791947
1318850697
1325075384
1326375426
1343152314
1344204071
1344260971
1348570648
1354105343
1359292294
1361917965
1362195282
1362903406
1376779028
1378849127
1394964601
1395930179
1397206439
1402052834
1405066359
1405529129
1418628834
1424674226
1433915816
1436861233
1437326114
1444054165
1455002434
1461122735
1462379758
1464076075
1468456938
1469066550
1469698024
1475033473
1479927612
1483206647
1484891945
1491124389
1493219271
1498838435
1508892235
1527605692
1534846491
1535399665
1537810880
1552993970
1564725490
1569545461
1569721870
1572042587
1574505308
1574935572
1579106325
1582230998
1584079260
1586901395
1597733084
1597956651
1598651360
1600906656
1602553079
1602643420
1610297339
1627002796
1628689895
1635915492
1638959068
1649919644
1654143024
1669860029
1670237379
1711631723
1713143151
1725036102
1726316046
1727998493
1731117063
1731197236
1738886843
1748756028
1758977353
1769134495
1769586293
1786965586
1791395759
1793146314
1793979883
1795716384
1797752637
1798524543
1799077897
1799660688
1812008893
1813253627
1817527014
1825401276
1836469302
1843950477
1871594885
1873432841
1874494418
1901936667
1911705608
1920175064
1933148870
1933959852
1942892566
1953549034
1957978276
1974057745
1984310842
1985653791
1990202337
1992661960
2010013790
2020078940
2027829433
2030895269
2033445013
2045530354
2046323651
2046505383
2048078630
2049068297
2052788497
2053934532
2055915349
2063501583
2078643541
2088399903
2102157081
2110934401
2111015473
2118623790
2119326407
2170477955
2192933923
2193194338
2197203690
2198290186
2213507222
2216940980
2230694048
2232896139
2241317457
2245560015
2251046518
2252127088
2253724307
2265811049
2268785502
2270103244
2272860007
2273725707
2275820275
2289406678
2293235380
2320667376
2325156580
2339108240
2339124696
2351935390
2352154243
2354712401
2366208190
2366931207
2367236248
2369924038
2371003507
2375346914
2375985957
2376886409
2387152492
2392411547
2406652295
2415912062
2433441640
2433875285
2437743316
2442831270
2443412862
2454472234
2459909704
2463528881
2467654814
2476427280
2479242082
2485686457
2500485957
2500621601
2501908700
2504525749
2504688813
2505353332
2506697605
2509195827
2509242542
2514332216
2536935449
2544346556
2552656047
2561248669
2564963522
2571690721
2587896170
2603748303
2625228540
2632111391
2632720806
2633005860
2634063964
2635783208
2639675207
2642677743
2643338596
2647272289
2649256918
2652007846
2656508352
2661962806
2662911511
2675001446
2687617518
2695654481
2698685119
2706475631
2711402864
2727299584
2730978238
2737723325
2739820933
2760541762
2768184943
2775477202
2776193620
2779550596
2779835643
2784841533
2796909559
2804812261
2813158260
2813897937
2818376332
2820495745
2842694878
2854196310
2860718870
2867022925
2870119674
2877269113
2891722172
2902912400
2910053348
2920288084
2922102962
2949123638
2954360433
2956593189
2959471469
2970298596
2972911653
2990354945
2990661986
2994323117
3013218648
3025247080
3030824950
3040406877
3068401619
3080391070
3083638882
3090704281
3101453701
3121043930
3122109245
3128208952
3132387963
3137046973
3160255970
3164003233
3178309197
3196562848
3206798177
3212596917
3213522398
3229442114
3231543239
3240307918
3243480834
3264176820
3264546781
3298074648
3300418269
3304097165
3314867907
3326799325
3337682499
3342549580
3349456016
3356379328
3359574889
3369587019
3384841348
3405955924
3425007253
3435169151
3471796122
3477213010
3490285485
3497271164
3497659745
3523941367
3540838133
3552493498
3559724695
1624439866
1121116225
1462256624
864928299
846050749
